872
26
446
972
324
112
467
241
985
624
635
850
667
466
136
920
954
654
389
513
830
807
146
808
867
33
219
916
301
933
586
552
676
540
209
261
59
746
529
71
574
931
545
798
386
270
528
597
395
658
80
622
856
289
730
14
534
431
125
877
511
214
683
312
721
795
719
410
662
893
171
357
495
9
515
114
736
845
671
186
813
216
370
899
835
837
304
442
911
72
494
659
157
402
96
756
791
982
584
764
669
339
732
971
693
336
161
906
797
567
818
876
299
460
493
577
159
535
342
163
428
6
391
839
195
914
724
955
109
296
760
337
819
338
278
816
208
188
145
127
457
329
628
792
774
148
958
923
929
335
123
984
959
1
781
921
420
770
162
875
718
566
97
570
373
636
226
76
510
64
977
423
172
482
854
189
633
859
631
506
742
346
204
505
313
784
509
443
235
480
462
251
182
52
12
882
825
151
143
489
980
254
862
253
481
701
108
474
325
197
3
527
907
499
553
755
183
948
731
880
767
554
314
863
665
413
233
362
20
7
400
541
99
347
54
497
695
563
603
424
935
851
165
838
74
343
333
409
91
790
356
147
705
303
967
62
565
895
720
750
853
29
53
951
238
569
316
688
848
759
999
761
913
782
973
773
231
225
178
531
34
826
559
627
639
404
93
925
684
557
523
573
789
865
138
293
116
37
328
273
488
503
844
345
806
674
831
975
255
887
358
349
418
946
452
331
949
175
436
256
100
417
393
802
964
643
217
294
464
198
560
432
354
722
712
879
224
823
950
332
664
868
780
922
439
861
682
406
650
786
421
889
991
833
384
131
765
744
232
634
447
735
152
407
234
102
205
426
976
193
550
355
306
943
228
379
392
92
187
305
673
61
537 716 909 28 30 737 607 594 937 608 890 555 42 372 687 434 40 211 128 315 745 281 751 580 247 898 433 249 870 265 284 484 896 810 740 455 647 944 66 940 196 709 714 485 212 947 945 445 828 340 801 69 86 82 783 602 998 706 963 280 670 397 589 827 500 223 31 105 367 378 723 747 323 679 585 2 591 168 185 762 144 919 897 240 908 403 620 65 473 36 310 743 556 661 734 122 16 23 262 103 118 158 19 408 486 970 200 596 749 748 864 167 612 952 938 504 578 311